1. 곱셈 구구

1~9까지의 각 수들끼리 서로 곱한 값을 표현한 것
을 “구구단”이라고도 합니다.

2×1=2

구구단(九九段)의 단(段)은 계단을 뜻합니다.

2×2=4

곱한 값 또는 곱한 결과를 “product”이라고 하고,
“적(積)”이라고 번역해서 사용하는 데 그 뜻은

2×3=6

생산물을 쌓아 놓은 것을 말합니다.
2단은 2층으로 쌓아 놓은 모습입니다.

2×1=2
2×2=

계단처럼 보이지요?

2×3=
2×4=
2×5=
2×6=
2×7=
2×8=
2×9=
2 × 10 =
2 × 11 =
2 × 12 =
49

곱셈표

가로와 세로를 곱하여 곱셈표를 만들 수
있습니다.

3

3

6

9

2

2 가로 4

6

1

1

2

세
3
로

×

1

2

3

가로 2과 세로 3이 만나는 위치에는 2 × 3의

2×3

결과를 써 넣으면 됩니다.
6

2 × 3은 3(base)을 2층(height)
으로 쌓은 모습이며, 곱셈표에서
가로, 세로를 잘라낸 모양입니다.

곱셈표를 관찰하고 읽어 보세요.

읽기 문제 1

9

9

18

27

36

45

54

63

72

81

8

8

16

24

32

40

48

56

64

72

7

7

14

21

28

35

42

49

56

63

6

6

12

18

24

30

36

42

48

54

5

5

10

15

20

25

30

35

40

45

4

4

8

12

16

20

24

28

32

36

3

3

6

9

12

15

18

21

24

27

2

2

4

6

8

10

12

14

16

18

1

1

2

3

4

5

6

7

8

9

×

1

2

3

4

5

6

7

8

9

50

연습문제 1

곱셈을 한 후에 절취선을 오려 카드 놀이를 해보세요.

2×1= 2

1+1=2×1

2×3=

3+3=2×3

2×5=

5+5=2×5

2×2=

2+2=2×2

2×4=

4+4=2×4

2×6=

6+6=2×6

51

곱셈을 한 후에 절취선을 오려 카드 놀이를 해보세요.

연습문제 2

2×2= 4

2×1=

2

2

?

6

8

10

12

2

?

4

6

8

10

12

1

1

2

3

4

5

6

1

1

2

3

4

5

6

×

1

2

3

4

5

6

×

1

2

3

4

5

6

2×4=

2×3=

2

2

4

6

?

10

12

2

2

4

?

8

10

12

1

1

2

3

4

5

6

1

1

2

3

4

5

6

×

1

2

3

4

5

6

×

1

2

3

4

5

6

2×6=

2×5=

2

2

4

6

8

10

?

2

2

4

6

8

?

12

1

1

2

3

4

5

6

1

1

2

3

4

5

6

×

1

2

3

4

5

6

×

1

2

3

4

5

6

52

연습문제 3

곱셈을 한 후에 절취선을 오려 카드 놀이를 해보세요.

2 × 7 = 14

7+7=2×7

2×9=

9+9=2×9

2 × 11 =

11 + 11 = 2 × 11

2×8=

8+8=2×8

2 × 10 =

10 + 10 = 2 × 10

2 × 12 =

12 + 12 = 2 × 12
53

곱셈을 한 후에 절취선을 오려 카드 놀이를 해보세요.

연습문제 4

2 × 8 = 16

2×7=

2

2

4

6

8 10 12 14 ? 18 20 22 24

2

2

4

6

8 10 12 ? 16 18 20 22 24

1

1

2

3

4

5

6

7

8

9 10 11 12

1

1

2

3

4

5

6

7

8

9 10 11 12

×

1

2

3

4

5

6

7

8

9 10 11 12

×

1

2

3

4

5

6

7

8

9 10 11 12

2 × 10 =

2×9=

2

2

4

6

8 10 12 14 16 18 ? 22 24

2

2

4

6

8 10 12 14 16 ? 20 22 24

1

1

2

3

4

5

6

7

8

9 10 11 12

1

1

2

3

4

5

6

7

8

9 10 11 12

×

1

2

3

4

5

6

7

8

9 10 11 12

×

1

2

3

4

5

6

7

8

9 10 11 12

2 × 12 =

2 × 11 =

2

2

4

6

8 10 12 14 16 18 20 22 ?

2

2

4

6

8 10 12 14 16 18 20 ? 24

1

1

2

3

4

5

6

7

8

9 10 11 12

1

1

2

3

4

5

6

7

8

9 10 11 12

×

1

2

3

4

5

6

7

8

9 10 11 12

×

1

2

3

4

5

6

7

8

9 10 11 12

54

연습문제 5

곱셈을 한 후에 절취선을 오려 카드 놀이를 해보세요.

3×1=

1+1+1=3×1

3×3=

3+3+3=3×3

3×5=

5+5+5=3×5

3×2=

2+2+2=3×2

3×4=

4+4+4=3×4

3×6=

6+6+6=3×6
55

곱셈을 한 후에 절취선을 오려 카드 놀이를 해보세요.

연습문제 6

3×2=

3×1=

3

3

?

9

12

15

18

3

?

6

9

12

15

18

2

2

4

6

8

10

12

2

2

4

6

8

10

12

1

1

2

3

4

5

6

1

1

2

3

4

5

6

×

1

2

3

4

5

6

×

1

2

3

4

5

6

3×4=

3×3=

3

3

6

9

?

15

18

3

3

6

?

12

15

18

2

2

4

6

8

10

12

2

2

4

6

8

10

12

1

1

2

3

4

5

6

1

1

2

3

4

5

6

×

1

2

3

4

5

6

×

1

2

3

4

5

6

3×6=

3×5=

3

3

6

9

12

15

?

3

3

6

9

12

?

18

2

2

4

6

8

10

12

2

2

4

6

8

10

12

1

1

2

3

4

5

6

1

1

2

3

4

5

6

×

1

2

3

4

5

6

×

1

2

3

4

5

6

56

연습문제 7

곱셈을 한 후에 절취선을 오려 카드 놀이를 해보세요.

3×7=

7+7+7=3×7

3×9=

9+9+9=3×9

3×8=

8+8+8=3×8

3 × 10 =

10 + 10 + 10 = 3 × 10

3 × 11 =

3 × 12 =

11 + 11 + 11 = 3 × 11

12 + 12 + 12 = 3 × 12
57

곱셈을 한 후에 절취선을 오려 카드 놀이를 해보세요.

연습문제 8

3×8=

3×7=

3

3

6

9 12 15 18 21 ? 27 30 33 36

3

3

6

9 12 15 18 ? 24 27 30 33 36

2

2

4

6

8 10 12 14 16 18 20 22 24

2

2

4

6

8 10 12 14 16 18 20 22 24

1

1

2

3

4

5

6

7

8

9 10 11 12

1

1

2

3

4

5

6

7

8

9 10 11 12

×

1

2

3

4

5

6

7

8

9 10 11 12

×

1

2

3

4

5

6

7

8

9 10 11 12

3 × 10 =

3×9=

3

3

6

9 12 15 18 21 24 27 ? 33 36

3

3

6

9 12 15 18 21 24 ? 30 33 36

2

2

4

6

8 10 12 14 16 18 20 22 24

2

2

4

6

8 10 12 14 16 18 20 22 24

1

1

2

3

4

5

6

7

8

9 10 11 12

1

1

2

3

4

5

6

7

8

9 10 11 12

×

1

2

3

4

5

6

7

8

9 10 11 12

×

1

2

3

4

5

6

7

8

9 10 11 12

3 × 12 =

3 × 11 =

3

3

6

9 12 15 18 21 24 27 30 33 ?

3

3

6

9 12 15 18 21 24 27 30 ? 36

2

2

4

6

8 10 12 14 16 18 20 22 24

2

2

4

6

8 10 12 14 16 18 20 22 24

1

1

2

3

4

5

6

7

8

9 10 11 12

1

1

2

3

4

5

6

7

8

9 10 11 12

×

1

2

3

4

5

6

7

8

9 10 11 12

×

1

2

3

4

5

6

7

8

9 10 11 12

58

연습문제 9

곱셈을 한 후에 절취선을 오려 카드 놀이를 해보세요.

4×1=

4×2=

1+1+1+1=4×1

2+2+2+2=4×2

4×3=

4×4=

3+3+3+3=4×3

4+4+4+4=4×4

4×5=

4×6=

5+5+5+5=4×5

6+6+6+6=4×6
59

곱셈을 한 후에 절취선을 오려 카드 놀이를 해보세요.

연습문제 10

4×2=

4×1=

4

4

?

12

16

20

24

4

?

8

12

16

20

24

3

3

6

9

12

15

18

3

3

6

9

12

15

18

2

2

4

6

8

10

12

2

2

4

6

8

10

12

1

1

2

3

4

5

6

1

1

2

3

4

5

6

×

1

2

3

4

5

6

×

1

2

3

4

5

6

4×4=

4×3=

4

4

8

12

?

20

24

4

4

8

?

16

20

24

3

3

6

9

12

15

18

3

3

6

9

12

15

18

2

2

4

6

8

10

12

2

2

4

6

8

10

12

1

1

2

3

4

5

6

1

1

2

3

4

5

6

×

1

2

3

4

5

6

×

1

2

3

4

5

6

4×6=

4×5=

4

4

8

12

16

20

?

4

4

8

12

16

?

24

3

3

6

9

12

15

18

3

3

6

9

12

15

18

2

2

4

6

8

10

12

2

2

4

6

8

10

12

1

1

2

3

4

5

6

1

1

2

3

4

5

6

×

1

2

3

4

5

6

×

1

2

3

4

5

6

60

연습문제 11

곱셈을 한 후에 절취선을 오려 카드 놀이를 해보세요.

4×7=

4×8=

7+7+7+7=4×7

8+8+8+8=4×8

4×9=

4 × 10 =

9+9+9+9=4×9

4 × 11 =

11 + 11 + 11 + 11 = 4 × 11

10 + 10 + 10 + 10 = 4 × 10

4 × 12 =

12 + 12 + 12 + 12 = 4 × 12
61

곱셈을 한 후에 절취선을 오려 카드 놀이를 해보세요.

연습문제 12

4×8=

4×7=

4

4

8 12 16 20 24 28 ? 36 40 44 48

4

4

8 12 16 20 24 ? 32 36 40 44 48

3

3

6

9 12 15 18 21 24 27 30 33 36

3

3

6

9 12 15 18 21 24 27 30 33 36

2

2

4

6

8 10 12 14 16 18 20 22 24

2

2

4

6

8 10 12 14 16 18 20 22 24

1

1

2

3

4

5

6

7

8

9 10 11 12

1

1

2

3

4

5

6

7

8

9 10 11 12

×

1

2

3

4

5

6

7

8

9 10 11 12

×

1

2

3

4

5

6

7

8

9 10 11 12

4 × 10 =

4×9=

4

4

8 12 16 20 24 28 32 36 ? 44 48

4

4

8 12 16 20 24 28 32 ? 40 44 48

3

3

6

9 12 15 18 21 24 27 30 33 36

3

3

6

9 12 15 18 21 24 27 30 33 36

2

2

4

6

8 10 12 14 16 18 20 22 24

2

2

4

6

8 10 12 14 16 18 20 22 24

1

1

2

3

4

5

6

7

8

9 10 11 12

1

1

2

3

4

5

6

7

8

9 10 11 12

×

1

2

3

4

5

6

7

8

9 10 11 12

×

1

2

3

4

5

6

7

8

9 10 11 12

4 × 12 =

4 × 11 =

4

4

8 12 16 20 24 28 32 36 40 44 ?

4

4

8 12 16 20 24 28 32 36 40 ? 48

3

3

6

9 12 15 18 21 24 27 30 33 36

3

3

6

9 12 15 18 21 24 27 30 33 36

2

2

4

6

8 10 12 14 16 18 20 22 24

2

2

4

6

8 10 12 14 16 18 20 22 24

1

1

2

3

4

5

6

7

8

9 10 11 12

1

1

2

3

4

5

6

7

8

9 10 11 12

×

1

2

3

4

5

6

7

8

9 10 11 12

×

1

2

3

4

5

6

7

8

9 10 11 12

62

연습문제 13

곱셈을 한 후에 절취선을 오려 카드 놀이를 해보세요.

5×1=

5×2=

1+1+1+1+1=5×1

2+2+2+2+2=5×2

5×3=

5×4=

3+3+3+3+3=5×3

4+4+4+4+4=5×4

5×5=

5×6=

5+5+5+5+5=5×5

6+6+6+6+6=5×6
63

곱셈을 한 후에 절취선을 오려 카드 놀이를 해보세요.

연습문제 14

5×2=

5×1=

5

5

?

15

20

25

30

5

?

10

15

20

25

30

4

4

8

12

16

20

24

4

4

8

12

16

20

24

3

3

6

9

12

15

18

3

3

6

9

12

15

18

2

2

4

6

8

10

12

2

2

4

6

8

10

12

1

1

2

3

4

5

6

1

1

2

3

4

5

6

×

1

2

3

4

5

6

×

1

2

3

4

5

6

5×4=

5×3=

5

5

10

15

?

25

30

5

5

10

?

20

25

30

4

4

8

12

16

20

24

4

4

8

12

16

20

24

3

3

6

9

12

15

18

3

3

6

9

12

15

18

2

2

4

6

8

10

12

2

2

4

6

8

10

12

1

1

2

3

4

5

6

1

1

2

3

4

5

6

×

1

2

3

4

5

6

×

1

2

3

4

5

6

5×6=

5×5=

5

5

10

15

20

25

?

5

5

10

15

20

?

30

4

4

8

12

16

20

24

4

4

8

12

16

20

24

3

3

6

9

12

15

18

3

3

6

9

12

15

18

2

2

4

6

8

10

12

2

2

4

6

8

10

12

1

1

2

3

4

5

6

1

1

2

3

4

5

6

×

1

2

3

4

5

6

×

1

2

3

4

5

6

64

연습문제 15

곱셈을 한 후에 절취선을 오려 카드 놀이를 해보세요.

5×7=

5×8=

7+7+7+7+7=5×7

8+8+8+8+8=5×8

5×9=

5 × 10 =

9+9+9+9+9=5×9

5 × 11 =

11 + 11 + 11 + 11 + 11 = 5 × 11

10 + 10 + 10 + 10 + 10 = 5 × 10

5 × 12 =

12 + 12 + 12 + 12 + 12 = 5 × 12
65

곱셈을 한 후에 절취선을 오려 카드 놀이를 해보세요.

연습문제 16

5×8=

5×7=

5

5 10 15 20 25 30 35 ? 45 50 55 60

5

5 10 15 20 25 30 ? 40 45 50 55 60

4

4

8 12 16 20 24 28 32 36 40 44 48

4

4

8 12 16 20 24 28 32 36 40 44 48

3

3

6

9 12 15 18 21 24 27 30 33 36

3

3

6

9 12 15 18 21 24 27 30 33 36

2

2

4

6

8 10 12 14 16 18 20 22 24

2

2

4

6

8 10 12 14 16 18 20 22 24

1

1

2

3

4

5

6

7

8

9 10 11 12

1

1

2

3

4

5

6

7

8

9 10 11 12

×

1

2

3

4

5

6

7

8

9 10 11 12

×

1

2

3

4

5

6

7

8

9 10 11 12

5 × 10 =

5×9=

5

5 10 15 20 25 30 35 40 45 ? 55 60

5

5 10 15 20 25 30 35 40 ? 50 55 60

4

4

8 12 16 20 24 28 32 36 40 44 48

4

4

8 12 16 20 24 28 32 36 40 44 48

3

3

6

9 12 15 18 21 24 27 30 33 36

3

3

6

9 12 15 18 21 24 27 30 33 36

2

2

4

6

8 10 12 14 16 18 20 22 24

2

2

4

6

8 10 12 14 16 18 20 22 24

1

1

2

3

4

5

6

7

8

9 10 11 12

1

1

2

3

4

5

6

7

8

9 10 11 12

×

1

2

3

4

5

6

7

8

9 10 11 12

×

1

2

3

4

5

6

7

8

9 10 11 12

5 × 12 =

5 × 11 =

5

5 10 15 20 25 30 35 40 45 50 55 ?

5

5 10 15 20 25 30 35 40 45 50 ? 60

4

4

8 12 16 20 24 28 32 36 40 44 48

4

4

8 12 16 20 24 28 32 36 40 44 48

3

3

6

9 12 15 18 21 24 27 30 33 36

3

3

6

9 12 15 18 21 24 27 30 33 36

2

2

4

6

8 10 12 14 16 18 20 22 24

2

2

4

6

8 10 12 14 16 18 20 22 24

1

1

2

3

4

5

6

7

8

9 10 11 12

1

1

2

3

4

5

6

7

8

9 10 11 12

×

1

2

3

4

5

6

7

8

9 10 11 12

×

1

2

3

4

5

6

7

8

9 10 11 12

66

연습문제 17

곱셈을 한 후에 절취선을 오려 카드 놀이를 해보세요.

6×1=

1+1+1+1+1+1=6×1

6×3=

3+3+3+3+3+3=6×3

6×5=

5+5+5+5+5+5=6×5

6×2=

2+2+2+2+2+2=6×2

6×4=

4+4+4+4+4+4=6×4

6×6=

6+6+6+6+6+6=6×6

67

곱셈을 한 후에 절취선을 오려 카드 놀이를 해보세요.

연습문제 18

6×2=

6×1=

6

6

?

18

24

30

36

6

?

12

18

24

30

36

5

5

10

15

20

25

30

5

5

10

15

20

25

30

4

4

8

12

16

20

24

4

4

8

12

16

20

24

3

3

6

9

12

15

18

3

3

6

9

12

15

18

2

2

4

6

8

10

12

2

2

4

6

8

10

12

1

1

2

3

4

5

6

1

1

2

3

4

5

6

×

1

2

3

4

5

6

×

1

2

3

4

5

6

6×4=

6×3=

6

6

12

18

?

30

36

6

6

12

?

24

30

36

5

5

10

15

20

25

30

5

5

10

15

20

25

30

4

4

8

12

16

20

24

4

4

8

12

16

20

24

3

3

6

9

12

15

18

3

3

6

9

12

15

18

2

2

4

6

8

10

12

2

2

4

6

8

10

12

1

1

2

3

4

5

6

1

1

2

3

4

5

6

×

1

2

3

4

5

6

×

1

2

3

4

5

6

6×6=

6×5=

6

6

12

18

24

30

?

6

6

12

18

24

?

36

5

5

10

15

20

25

30

5

5

10

15

20

25

30

4

4

8

12

16

20

24

4

4

8

12

16

20

24

3

3

6

9

12

15

18

3

3

6

9

12

15

18

2

2

4

6

8

10

12

2

2

4

6

8

10

12

1

1

2

3

4

5

6

1

1

2

3

4

5

6

×

1

2

3

4

5

6

×

1

2

3

4

5

6

68

연습문제 19

곱셈을 한 후에 절취선을 오려 카드 놀이를 해보세요.

6×7=

7+7+7+7+7+7=6×7

6×9=

9+9+9+9+9+9=6×9

6 × 11 =

11 + 11 + 11 + 11 + 11 + 11 = 6 × 11

6×8=

8+8+8+8+8+8=6×8

6 × 10 =

10 + 10 + 10 + 10 + 10 + 10 = 6 × 10

6 × 12 =

12 + 12 + 12 + 12 + 12 + 12 = 6 × 12

69

곱셈을 한 후에 절취선을 오려 카드 놀이를 해보세요.

연습문제 20

6×8=

6×7=

6

6 12 18 24 30 36 42 ? 54 60 66 72

6

6 12 18 24 30 36 ? 48 54 60 66 72

5

5 10 15 20 25 30 35 40 45 50 55 60

5

5 10 15 20 25 30 35 40 45 50 55 60

4

4

8 12 16 20 24 28 32 36 40 44 48

4

4

8 12 16 20 24 28 32 36 40 44 48

3

3

6

9 12 15 18 21 24 27 30 33 36

3

3

6

9 12 15 18 21 24 27 30 33 36

2

2

4

6

8 10 12 14 16 18 20 22 24

2

2

4

6

8 10 12 14 16 18 20 22 24

1

1

2

3

4

5

6

7

8

9 10 11 12

1

1

2

3

4

5

6

7

8

9 10 11 12

×

1

2

3

4

5

6

7

8

9 10 11 12

×

1

2

3

4

5

6

7

8

9 10 11 12

6 × 10 =

6×9=

6

6 12 18 24 30 36 42 48 54 ? 66 72

6

6 12 18 24 30 36 42 48 ? 60 66 72

5

5 10 15 20 25 30 35 40 45 50 55 60

5

5 10 15 20 25 30 35 40 45 50 55 60

4

4

8 12 16 20 24 28 32 36 40 44 48

4

4

8 12 16 20 24 28 32 36 40 44 48

3

3

6

9 12 15 18 21 24 27 30 33 36

3

3

6

9 12 15 18 21 24 27 30 33 36

2

2

4

6

8 10 12 14 16 18 20 22 24

2

2

4

6

8 10 12 14 16 18 20 22 24

1

1

2

3

4

5

6

7

8

9 10 11 12

1

1

2

3

4

5

6

7

8

9 10 11 12

×

1

2

3

4

5

6

7

8

9 10 11 12

×

1

2

3

4

5

6

7

8

9 10 11 12

6 × 12 =

6 × 11 =

6

6 12 18 24 30 36 42 48 54 60 66 ?

6

6 12 18 24 30 36 42 48 54 60 ? 72

5

5 10 15 20 25 30 35 40 45 50 55 60

5

5 10 15 20 25 30 35 40 45 50 55 60

4

4

8 12 16 20 24 28 32 36 40 44 48

4

4

8 12 16 20 24 28 32 36 40 44 48

3

3

6

9 12 15 18 21 24 27 30 33 36

3

3

6

9 12 15 18 21 24 27 30 33 36

2

2

4

6

8 10 12 14 16 18 20 22 24

2

2

4

6

8 10 12 14 16 18 20 22 24

1

1

2

3

4

5

6

7

8

9 10 11 12

1

1

2

3

4

5

6

7

8

9 10 11 12

×

1

2

3

4

5

6

7

8

9 10 11 12

×

1

2

3

4

5

6

7

8

9 10 11 12

70

연습문제 21

곱셈을 한 후에 절취선을 오려 카드 놀이를 해보세요.

7×1=

1+1+1+1+1+1+1=7×1

7×3=

3+3+3+3+3+3+3=7×3

7×5=

5+5+5+5+5+5+5=7×5

7×2=

2+2+2+2+2+2+2=7×2

7×4=

4+4+4+4+4+4+4=7×4

7×6=

6+6+6+6+6+6+6=7×6

71

곱셈을 한 후에 절취선을 오려 카드 놀이를 해보세요.

연습문제 22

7×2=
7
6
5
4
3
2
1
×

7
6
5
4
3
2
1
1

?
12
10
8
6
4
2
2

21
18
15
12
9
6
3
3

7×1=
28
24
20
16
12
8
4
4

35
30
25
20
15
10
5
5

42
36
30
24
18
12
6
6

7
6
5
4
3
2
1
×

7×4=
7
6
5
4
3
2
1
×

7
6
5
4
3
2
1
1

14
12
10
8
6
4
2
2

21
18
15
12
9
6
3
3

72

7
6
5
4
3
2
1
1

14
12
10
8
6
4
2
2

21
18
15
12
9
6
3
3

14
12
10
8
6
4
2
2

21
18
15
12
9
6
3
3

28
24
20
16
12
8
4
4

35
30
25
20
15
10
5
5

42
36
30
24
18
12
6
6

28
24
20
16
12
8
4
4

35
30
25
20
15
10
5
5

42
36
30
24
18
12
6
6

28
24
20
16
12
8
4
4

?
30
25
20
15
10
5
5

42
36
30
24
18
12
6
6

7×3=
?
24
20
16
12
8
4
4

35
30
25
20
15
10
5
5

42
36
30
24
18
12
6
6

7
6
5
4
3
2
1
×

7×6=
7
6
5
4
3
2
1
×

?
6
5
4
3
2
1
1

7
6
5
4
3
2
1
1

14
12
10
8
6
4
2
2

?
18
15
12
9
6
3
3

7×5=
28
24
20
16
12
8
4
4

35
30
25
20
15
10
5
5

?
36
30
24
18
12
6
6

7
6
5
4
3
2
1
×

7
6
5
4
3
2
1
1

14
12
10
8
6
4
2
2

21
18
15
12
9
6
3
3

연습문제 23

곱셈을 한 후에 절취선을 오려 카드 놀이를 해보세요.

7×7=

7+7+7+7+7+7+7=7×7

7×9=

9+9+9+9+9+9+9=7×9

7 × 11 =

11 + 11 + 11 + 11 + 11 + 11 + 11 = 7 × 11

7×8=

8+8+8+8+8+8+8=7×8

7 × 10 =

10 + 10 + 10 + 10 + 10 + 10 + 10= 7 × 10

7 × 12 =

12 + 12 + 12 + 12 + 12 + 12 + 12 = 7 × 12

73

곱셈을 한 후에 절취선을 오려 카드 놀이를 해보세요.

연습문제 24

7×8=

7×7=

7
6

7 14 21 28 35 42 49 ? 63 70 77 84
6 12 18 24 30 36 42 48 54 60 66 72

7
6

7 14 21 28 35 42 ? 56 63 70 77 84
6 12 18 24 30 36 42 48 54 60 66 72

5
4
3

5 10 15 20 25 30 35 40 45 50 55 60
4 8 12 16 20 24 28 32 36 40 44 48
3 6 9 12 15 18 21 24 27 30 33 36

5
4
3

5 10 15 20 25 30 35 40 45 50 55 60
4 8 12 16 20 24 28 32 36 40 44 48
3 6 9 12 15 18 21 24 27 30 33 36

2
1
×

2
1
1

2
1
×

2
1
1

4
2
2

6
3
3

8 10 12 14 16 18 20 22 24
4 5 6 7 8 9 10 11 12
4 5 6 7 8 9 10 11 12

7 × 10 =

4
2
2

6
3
3

8 10 12 14 16 18 20 22 24
4 5 6 7 8 9 10 11 12
4 5 6 7 8 9 10 11 12

7×9=

7

7 14 21 28 35 42 49 56 63 ? 77 84

7

7 14 21 28 35 42 49 56 ? 70 77 84

6
5
4

6 12 18 24 30 36 42 48 54 60 66 72
5 10 15 20 25 30 35 40 45 50 55 60
4 8 12 16 20 24 28 32 36 40 44 48

6
5
4

6 12 18 24 30 36 42 48 54 60 66 72
5 10 15 20 25 30 35 40 45 50 55 60
4 8 12 16 20 24 28 32 36 40 44 48

3
2

3
2

6
4

9 12 15 18 21 24 27 30 33 36
6 8 10 12 14 16 18 20 22 24

3
2

3
2

6
4

9 12 15 18 21 24 27 30 33 36
6 8 10 12 14 16 18 20 22 24

1
×

1
1

2
2

3
3

1
×

1
1

2
2

3
3

4
4

5
5

6
6

7
7

8
8

9 10 11 12
9 10 11 12

7 × 12 =

4
4

5
5

6
6

7
7

8
8

9 10 11 12
9 10 11 12

7 × 11 =

7
6
5

7 14 21 28 35 42 49 56 63 70 77 ?
6 12 18 24 30 36 42 48 54 60 66 72
5 10 15 20 25 30 35 40 45 50 55 60

7
6
5

7 14 21 28 35 42 49 56 63 70 ? 84
6 12 18 24 30 36 42 48 54 60 66 72
5 10 15 20 25 30 35 40 45 50 55 60

4
3

4
3

8 12 16 20 24 28 32 36 40 44 48
6 9 12 15 18 21 24 27 30 33 36

4
3

4
3

8 12 16 20 24 28 32 36 40 44 48
6 9 12 15 18 21 24 27 30 33 36

2
1
×

2
1
1

4
2
2

2
1
×

2
1
1

4
2
2

74

6
3
3

8 10 12 14 16 18 20 22 24
4 5 6 7 8 9 10 11 12
4 5 6 7 8 9 10 11 12

6
3
3

8 10 12 14 16 18 20 22 24
4 5 6 7 8 9 10 11 12
4 5 6 7 8 9 10 11 12

연습문제 25

곱셈을 한 후에 절취선을 오려 카드 놀이를 해보세요.

8×1=

1+1+1+1+1+1+1+1=8×1

8×3=

3+3+3+3+3+3+3+3=8×3

8×5=

5+5+5+5+5+5+5+5=8×5

8×2=

2+2+2+2+2+2+2+2=8×2

8×4=

4+4+4+4+4+4+4+4=8×4

8×6=

6+6+6+6+6+6+6+6=8×6

75

곱셈을 한 후에 절취선을 오려 카드 놀이를 해보세요.

연습문제 26

8×2=
8
7
6
5
4
3
2
1
×

8
7
6
5
4
3
2
1
1

?
14
12
10
8
6
4
2
2

24
21
18
15
12
9
6
3
3

8×1=
32
28
24
20
16
12
8
4
4

40
35
30
25
20
15
10
5
5

48
42
36
30
24
18
12
6
6

8
7
6
5
4
3
2
1
×

8×4=
8
7
6
5
4
3
2
1
×

8
7
6
5
4
3
2
1
1

16
14
12
10
8
6
4
2
2

24
21
18
15
12
9
6
3
3

76

8
7
6
5
4
3
2
1
1

16
14
12
10
8
6
4
2
2

24
21
18
15
12
9
6
3
3

16
14
12
10
8
6
4
2
2

24
21
18
15
12
9
6
3
3

32
28
24
20
16
12
8
4
4

40
35
30
25
20
15
10
5
5

48
42
36
30
24
18
12
6
6

32
28
24
20
16
12
8
4
4

40
35
30
25
20
15
10
5
5

48
42
36
30
24
18
12
6
6

32
28
24
20
16
12
8
4
4

?
35
30
25
20
15
10
5
5

48
42
36
30
24
18
12
6
6

8×3=
?
28
24
20
16
12
8
4
4

40
35
30
25
20
15
10
5
5

48
42
36
30
24
18
12
6
6

8
7
6
5
4
3
2
1
×

8×6=
8
7
6
5
4
3
2
1
×

?
7
6
5
4
3
2
1
1

8
7
6
5
4
3
2
1
1

16
14
12
10
8
6
4
2
2

?
21
18
15
12
9
6
3
3

8×5=
32
28
24
20
16
12
8
4
4

40
35
30
25
20
15
10
5
5

?
42
36
30
24
18
12
6
6

8
7
6
5
4
3
2
1
×

8
7
6
5
4
3
2
1
1

16
14
12
10
8
6
4
2
2

24
21
18
15
12
9
6
3
3

연습문제 27

곱셈을 한 후에 절취선을 오려 카드 놀이를 해보세요.

8×7=

7+7+7+7+7+7+7+7=8×7

8×9=

9+9+9+9+9+9+9+9=8×9

8 × 11 =

11 + 11 + 11 + 11 + 11 + 11 + 11 + 11 = 8 × 11

8×8=

8+8+8+8+8+8+8+8=8×8

8 × 10 =

10 + 10 + 10 + 10 + 10 + 10 + 10 + 10 = 8 × 10

8 × 12 =

12 + 12 + 12 + 12 + 12 + 12 + 12 +12 = 8 × 12

77

연습문제 28

곱셈을 한 후에 절취선을 오려 카드 놀이를 해보세요.

8×8=
8
7
6
5
4
3
2
1
×

8
7
6
5
4
3
2
1
1

16 24 32 40 48 56 ? 72 80 88 96
14 21 28 35 42 49 56 63 70 77 84
12 18 24 30 36 42 48 54 60 66 72
10 15 20 25 30 35 40 45 50 55 60
8 12 16 20 24 28 32 36 40 44 48
6 9 12 15 18 21 24 27 30 33 36
4 6 8 10 12 14 16 18 20 22 24
2 3 4 5 6 7 8 9 10 11 12
2 3 4 5 6 7 8 9 10 11 12

8×7=
8
7
6
5
4
3
2
1
×

8
7
6
5
4
3
2
1
1

8 × 10 =
8
7
6
5
4
3
2
1
×

8
7
6
5
4
3
2
1
1

16 24 32 40 48 56 64 72 ? 88 96
14 21 28 35 42 49 56 63 70 77 84
12 18 24 30 36 42 48 54 60 66 72
10 15 20 25 30 35 40 45 50 55 60
8 12 16 20 24 28 32 36 40 44 48
6 9 12 15 18 21 24 27 30 33 36
4 6 8 10 12 14 16 18 20 22 24
2 3 4 5 6 7 8 9 10 11 12
2 3 4 5 6 7 8 9 10 11 12

8×9=
8
7
6
5
4
3
2
1
×

8
7
6
5
4
3
2
1
1

8 × 12 =
8
7
6
5
4
3
2
1
×

8
7
6
5
4
3
2
1
1

78

16 24 32 40 48 56 64 72 80 88 ?
14 21 28 35 42 49 56 63 70 77 84
12 18 24 30 36 42 48 54 60 66 72
10 15 20 25 30 35 40 45 50 55 60
8 12 16 20 24 28 32 36 40 44 48
6 9 12 15 18 21 24 27 30 33 36
4 6 8 10 12 14 16 18 20 22 24
2 3 4 5 6 7 8 9 10 11 12
2 3 4 5 6 7 8 9 10 11 12

16 24 32 40 48 ? 64 72 80 88 96
14 21 28 35 42 49 56 63 70 77 84
12 18 24 30 36 42 48 54 60 66 72
10 15 20 25 30 35 40 45 50 55 60
8 12 16 20 24 28 32 36 40 44 48
6 9 12 15 18 21 24 27 30 33 36
4 6 8 10 12 14 16 18 20 22 24
2 3 4 5 6 7 8 9 10 11 12
2 3 4 5 6 7 8 9 10 11 12

16 24 32 40 48 56 64 ? 80 88 96
14 21 28 35 42 49 56 63 70 77 84
12 18 24 30 36 42 48 54 60 66 72
10 15 20 25 30 35 40 45 50 55 60
8 12 16 20 24 28 32 36 40 44 48
6 9 12 15 18 21 24 27 30 33 36
4 6 8 10 12 14 16 18 20 22 24
2 3 4 5 6 7 8 9 10 11 12
2 3 4 5 6 7 8 9 10 11 12

8 × 11 =
8
7
6
5
4
3
2
1
×

8
7
6
5
4
3
2
1
1

16 24 32 40 48 56 64 72 80 ? 96
14 21 28 35 42 49 56 63 70 77 84
12 18 24 30 36 42 48 54 60 66 72
10 15 20 25 30 35 40 45 50 55 60
8 12 16 20 24 28 32 36 40 44 48
6 9 12 15 18 21 24 27 30 33 36
4 6 8 10 12 14 16 18 20 22 24
2 3 4 5 6 7 8 9 10 11 12
2 3 4 5 6 7 8 9 10 11 12

연습문제 29

곱셈을 한 후에 절취선을 오려 카드 놀이를 해보세요.

9×1=

1+1+1+1+1+1+1+1+1=9×1

9×3=

3+3+3+3+3+3+3+3+3=9×3

9×5=

5+5+5+5+5+5+5+5+5=9×5

9×2=

2+2+2+2+2+2+2+2+2=9×2

9×4=

4+4+4+4+4+4+4+4+4=9×4

9×6=

6+6+6+6+6+6+6+6+6=9×6

79

곱셈을 한 후에 절취선을 오려 카드 놀이를 해보세요.

연습문제 30

9×2=
9
8
7
6
5
4
3
2
1
×

9
8
7
6
5
4
3
2
1
1

?
16
14
12
10
8
6
4
2
2

27
24
21
18
15
12
9
6
3
3

9×1=
36
32
28
24
20
16
12
8
4
4

45
40
35
30
25
20
15
10
5
5

54
48
42
36
30
24
18
12
6
6

9
8
7
6
5
4
3
2
1
×

9×4=
9
8
7
6
5
4
3
2
1
×

9
8
7
6
5
4
3
2
1
1

18
16
14
12
10
8
6
4
2
2

27
24
21
18
15
12
9
6
3
3

80

9
8
7
6
5
4
3
2
1
1

18
16
14
12
10
8
6
4
2
2

27
24
21
18
15
12
9
6
3
3

18
16
14
12
10
8
6
4
2
2

27
24
21
18
15
12
9
6
3
3

36
32
28
24
20
16
12
8
4
4

45
40
35
30
25
20
15
10
5
5

54
48
42
36
30
24
18
12
6
6

?36
32
28
24
20
16
12
8
4
4

45
40
35
30
25
20
15
10
5
5

54
48
42
36
30
24
18
12
6
6

36
32
28
24
20
16
12
8
4
4

?
40
35
30
25
20
15
10
5
5

54
48
42
36
30
24
18
12
6
6

9×3=
?
32
28
24
20
16
12
8
4
4

45
40
35
30
25
20
15
10
5
5

54
48
42
36
30
24
18
12
6
6

9
8
7
6
5
4
3
2
1
×

9×6=
9
8
7
6
5
4
3
2
1
×

?
8
7
6
5
4
3
2
1
1

9
8
7
6
5
4
3
2
1
1

18
16
14
12
10
8
6
4
2
2

?
24
21
18
15
12
9
6
3
3

9×5=
36
32
28
24
20
16
12
8
4
4

45
40
35
30
25
20
15
10
5
5

?
48
42
36
30
24
18
12
6
6

9
8
7
6
5
4
3
2
1
×

9
8
7
6
5
4
3
2
1
1

18
16
14
12
10
8
6
4
2
2

27
24
21
18
15
12
9
6
3
3

연습문제 31

곱셈을 한 후에 절취선을 오려 카드 놀이를 해보세요.

9×7=

7+7+7+7+7+7+7+7+7=9×7

9×9=

9+9+9+9+9+9+9+9+9=9×9

9 × 11 =

11 + 11 + 11 + 11 + 11 + 11 + 11 + 11 + 11 = 9 × 11

9×8=

8+8+8+8+8+8+8+8+8=9×8

9 × 10 =

10 + 10 + 10 + 10 + 10 + 10 + 10 + 10 + 10 = 9 × 10

9 × 12 =

12 + 12 + 12 + 12 + 12 + 12 + 12 + 12 + 12 = 9 × 12

81

연습문제 32

곱셈을 한 후에 절취선을 오려 카드 놀이를 해보세요.

9×8=
9
8
7
6
5
4
3
2
1
×

9
8
7
6
5
4
3
2
1
1

18 27 36 45 54 63 ? 81 90 99 108
16 24 32 40 48 56 64 72 80 88 96
14 21 28 35 42 49 56 63 70 77 84
12 18 24 30 36 42 48 54 60 66 72
10 15 20 25 30 35 40 45 50 55 60
8 12 16 20 24 28 32 36 40 44 48
6 9 12 15 18 21 24 27 30 33 36
4 6 8 10 12 14 16 18 20 22 24
2 3 4 5 6 7 8 9 10 11 12
2 3 4 5 6 7 8 9 10 11 12

9×7=
9
8
7
6
5
4
3
2
1
×

9
8
7
6
5
4
3
2
1
1

9 × 10 =
9
8
7
6
5
4
3
2
1
×

9
8
7
6
5
4
3
2
1
1

18 27 36 45 54 63 72 81 ? 99 108
16 24 32 40 48 56 64 72 80 88 96
14 21 28 35 42 49 56 63 70 77 84
12 18 24 30 36 42 48 54 60 66 72
10 15 20 25 30 35 40 45 50 55 60
8 12 16 20 24 28 32 36 40 44 48
6 9 12 15 18 21 24 27 30 33 36
4 6 8 10 12 14 16 18 20 22 24
2 3 4 5 6 7 8 9 10 11 12
2 3 4 5 6 7 8 9 10 11 12

9×9=
9
8
7
6
5
4
3
2
1
×

9
8
7
6
5
4
3
2
1
1

9 × 12 =
9
8
7
6
5
4
3
2
1
×

9
8
7
6
5
4
3
2
1
1

82

18 27 36 45 54 63 72 81 90 99 ?
16 24 32 40 48 56 64 72 80 88 96
14 21 28 35 42 49 56 63 70 77 84
12 18 24 30 36 42 48 54 60 66 72
10 15 20 25 30 35 40 45 50 55 60
8 12 16 20 24 28 32 36 40 44 48
6 9 12 15 18 21 24 27 30 33 36
4 6 8 10 12 14 16 18 20 22 24
2 3 4 5 6 7 8 9 10 11 12
2 3 4 5 6 7 8 9 10 11 12

18 27 36 45 54 ? 72 81 90 99 108
16 24 32 40 48 56 64 72 80 88 96
14 21 28 35 42 49 56 63 70 77 84
12 18 24 30 36 42 48 54 60 66 72
10 15 20 25 30 35 40 45 50 55 60
8 12 16 20 24 28 32 36 40 44 48
6 9 12 15 18 21 24 27 30 33 36
4 6 8 10 12 14 16 18 20 22 24
2 3 4 5 6 7 8 9 10 11 12
2 3 4 5 6 7 8 9 10 11 12

18 27 36 45 54 63 72 ? 90 99 108
16 24 32 40 48 56 64 72 80 88 96
14 21 28 35 42 49 56 63 70 77 84
12 18 24 30 36 42 48 54 60 66 72
10 15 20 25 30 35 40 45 50 55 60
8 12 16 20 24 28 32 36 40 44 48
6 9 12 15 18 21 24 27 30 33 36
4 6 8 10 12 14 16 18 20 22 24
2 3 4 5 6 7 8 9 10 11 12
2 3 4 5 6 7 8 9 10 11 12

9 × 11 =
9
8
7
6
5
4
3
2
1
×

9
8
7
6
5
4
3
2
1
1

18 27 36 45 54 63 72 81 90 ? 108
16 24 32 40 48 56 64 72 80 88 96
14 21 28 35 42 49 56 63 70 77 84
12 18 24 30 36 42 48 54 60 66 72
10 15 20 25 30 35 40 45 50 55 60
8 12 16 20 24 28 32 36 40 44 48
6 9 12 15 18 21 24 27 30 33 36
4 6 8 10 12 14 16 18 20 22 24
2 3 4 5 6 7 8 9 10 11 12
2 3 4 5 6 7 8 9 10 11 12

